Однокональная СМО 

  № клиента    Время поступ    Время обслуживания    Т кумулятив    Начало обслуживания    конец обслуживания    время в сист    время в очереди    № осбл. покуп    Длинна очереди    Время простоя
-----------  --------------  --------------------  -------------  ---------------------  --------------------  --------------  -----------------  ---------------  ----------------  ---------------
          1           7.343                14.422          7.343                 7.343                21.765           14.422              0                    0                 0            7.343
          2           1.409                 5.692          8.752                21.765                27.4569          18.705             13.013                1                 0            0
          3          13.487                 5.687         22.239                27.4569               33.1442          10.905              5.218                2                 0            0
          4           1.036                 1.502         23.275                33.1442               34.6459          11.371              9.869                2                 1            0
          5           6.647                 0.271         29.922                34.6459               34.9165           4.994              4.724                3                 1            0
          6           0.95                  3.778         30.872                34.9165               38.6948           7.823              4.044                3                 2            0
          7           0.561                 0.642         31.433                38.6948               39.3368           7.904              7.262                3                 3            0
          8           0.109                 0.664         31.542                39.3368               40.0008           8.459              7.795                3                 4            0
          9           1.421                15.754         32.963                40.0008               55.7552          22.792              7.038                3                 5            0
         10          16.513                 3.947         49.476                55.7552               59.7019          10.226              6.279                9                 0            0
         11           4.65                  0.675         54.126                59.7019               60.3768           6.251              5.576                9                 1            0
         12           6.499                 9.342         60.625                60.625                69.967            9.342              0                   11                 0            0.923
         13           0.532                 1.022         61.157                69.967                70.9888           9.832              8.81                12                 0            0
         14           0.374                 6.244         61.531                70.9888               77.2324          15.701              9.458               12                 1            0
         15           4.792                 7.298         66.323                77.2324               84.5302          18.207             10.909               12                 2            0
         16           3.663                 4.428         69.986                84.5302               88.9579          18.972             14.544               13                 2            0
         17           6.212                 2.646         76.198                88.9579               91.6038          15.406             12.76                14                 2            0
         18           6.364                 7.363         82.562                91.6038               98.9668          16.405              9.042               15                 2            0
         19           8.493                 6.281         91.055                98.9668              105.248           14.193              7.912               17                 1            0
         20           1.583                 5.153         92.638               105.248               110.401           17.763             12.61                18                 1            0
         21           1.196                 0.667         93.834               110.401               111.067           17.233             16.567               18                 2            0
         22           1.342                11.601         95.176               111.067               122.668           27.492             15.891               18                 3            0
         23           0.53                  4.866         95.706               122.668               127.534           31.828             26.962               18                 4            0
         24           3.813                11.313         99.519               127.534               138.847           39.328             28.015               19                 4            0
         25           4.65                  3.668        104.169               138.847               142.515           38.346             34.678               19                 5            0
         26           1.811                 0.363        105.98                142.515               142.879           36.899             36.535               20                 5            0
         27           6.279                 7.403        112.259               142.879               150.282           38.023             30.62                22                 4            0
         28           1.665                 3.333        113.924               150.282               153.615           39.691             36.358               22                 5            0
         29           0.834                 3.149        114.758               153.615               156.764           42.006             38.857               22                 6            0
         30           7.569                 0.966        122.327               156.764               157.73            35.403             34.437               22                 7            0
         31           7.2                   6.89         129.527               157.73                164.619           35.092             28.203               24                 6            0
         32           1.525                 0.388        131.052               164.619               165.007           33.955             33.567               24                 7            0
         33           2.214                 4.61         133.266               165.007               169.617           36.351             31.741               24                 8            0
         34           0.848                15.081        134.114               169.617               184.698           50.584             35.503               24                 9            0
         35           5.942                 6.279        140.056               184.698               190.977           50.921             44.642               25                 9            0
         36          11.781                 5.891        151.837               190.977               196.869           45.032             39.14                28                 7            0
         37           8.529                 2.812        160.366               196.869               199.681           39.315             36.503               31                 5            0
         38           7.087                 8.635        167.453               199.681               208.317           40.864             32.228               33                 4            0
         39          11.771                21.394        179.224               208.317               229.711           50.487             29.093               34                 4            0
         40          12.562                 2.653        191.786               229.711               232.363           40.577             37.925               36                 3            0
         41           5.377                 3.173        197.163               232.363               235.536           38.373             35.2                 37                 3            0
         42           3.185                20.597        200.348               235.536               256.133           55.785             35.188               38                 3            0
         43           3.96                  1.733        204.308               256.133               257.867           53.559             51.825               38                 4            0
         44           2.646                 0.091        206.954               257.867               257.958           51.004             50.913               38                 5            0
         45           5.434                 3.391        212.388               257.958               261.349           48.961             45.57                39                 5            0
         46           2.933                 5.674        215.321               261.349               267.023           51.702             46.028               39                 6            0
         47           1.994                 9.633        217.315               267.023               276.656           59.341             49.708               39                 7            0
         48           2.12                  2.566        219.435               276.656               279.223           59.788             57.221               39                 8            0
         49           1.872                 0.728        221.307               279.223               279.951           58.644             57.916               39                 9            0
         50           8.652                17.859        229.959               279.951               297.811           67.852             49.992               40                 9            0
         51          19.057                 4.736        249.016               297.811               302.547           53.531             48.795               42                 8            0
         52          12.042                 0.679        261.058               302.547               303.226           42.168             41.489               45                 6            0
         53          15.388                 5.533        276.446               303.226               308.759           32.313             26.78                47                 5            0
         54           7.493                 1.515        283.939               308.759               310.274           26.335             24.82                50                 3            0
         55           2.292                 9.723        286.231               310.274               319.996           33.765             24.043               50                 4            0
         56          22.798                 4.222        309.029               319.996               324.219           15.19              10.967               54                 1            0
         57           8.202                12.854        317.231               324.219               337.072           19.841              6.988               55                 1            0
         58          18.689                 0.726        335.92                337.072               337.798            1.878              1.152               57                 0            0
         59           6.096                 4.485        342.016               342.016               346.501            4.485              0                   58                 0            4.944
         60           0.141                 0.895        342.157               346.501               347.396            5.239              4.344               59                 0            0
         61          11.007                 5.69         353.164               353.164               358.854            5.69               0                   60                 0            6.663
         62          17.237                 7.765        370.401               370.401               378.166            7.765              0                   61                 0           17.237
         63           3.623                 3.08         374.024               378.166               381.246            7.222              4.142               62                 0            0
         64           4.82                  3.263        378.844               381.246               384.509            5.665              2.402               63                 0            0
         65           6.879                 2.203        385.723               385.723               387.926            2.203              0                   64                 0            4.477
         66           6.424                 2.159        392.147               392.147               394.306            2.159              0                   65                 0            6.424
         67           0.812                 6.941        392.959               394.306               401.247            8.288              1.347               66                 0            0
         68           9.665                 5.453        402.624               402.624               408.077            5.453              0                   67                 0            8.318
         69          12.668                 1.328        415.292               415.292               416.62             1.328              0                   68                 0           12.668
         70           8.053                 5.978        423.345               423.345               429.323            5.978              0                   69                 0            8.053
         71           2.161                 7.125        425.506               429.323               436.448           10.942              3.817               70                 0            0
         72          22.804                 5.982        448.31                448.31                454.292            5.982              0                   71                 0           18.987
         73           0.782                 0.687        449.092               454.292               454.979            5.887              5.2                 72                 0            0
         74          16.589                 5.384        465.681               465.681               471.065            5.384              0                   73                 0           11.389
         75          11.592                 3.64         477.273               477.273               480.913            3.64               0                   74                 0           11.592
         76           2.744                 0.684        480.017               480.913               481.597            1.58               0.896               75                 0            0
         77           2.353                13.246        482.37                482.37                495.616           13.246              0                   76                 0            1.457
         78           2.081                23.478        484.451               495.616               519.094           34.643             11.165               77                 0            0
         79          10.489                 0.816        494.94                519.094               519.91            24.97              24.154               77                 1            0
         80           5.294                 1.885        500.234               519.91                521.795           21.561             19.676               78                 1            0
         81           3.117                 1.204        503.351               521.795               522.998           19.647             18.444               78                 2            0
         82          12.627                 2.002        515.978               522.998               525                9.022              7.02                78                 3            0
         83           9.05                  1.921        525.028               525.028               526.949            1.921              0                   82                 0            2.03
         84          12.803                 3.441        537.831               537.831               541.272            3.441              0                   83                 0           12.803
         85          12.229                 5.026        550.06                550.06                555.086            5.026              0                   84                 0           12.229
         86           4.528                 4.47         554.588               555.086               559.556            4.968              0.498               85                 0            0
         87           0.888                 3.092        555.476               559.556               562.648            7.172              4.08                86                 0            0
         88           2.863                 1.062        558.339               562.648               563.71             5.371              4.309               86                 1            0
         89           2.049                 0.633        560.388               563.71                564.343            3.955              3.322               87                 1            0
         90           0.613                 0.117        561.001               564.343               564.46             3.459              3.342               87                 2            0
         91           0.305                 0.534        561.306               564.46                564.994            3.688              3.154               87                 3            0
         92          11.174                 0.139        572.48                572.48                572.619            0.139              0                   91                 0            8.02
         93           4.302                 8.653        576.782               576.782               585.435            8.653              0                   92                 0            4.302
         94           0.838                 2.804        577.62                585.435               588.239           10.619              7.815               93                 0            0
         95           7.828                 8.457        585.448               588.239               596.696           11.248              2.791               94                 0            0
         96           2.615                 2.432        588.063               596.696               599.128           11.065              8.633               94                 1            0
         97           7.957                 3.316        596.02                599.128               602.444            6.424              3.108               95                 1            0
         98           0.409                 4.073        596.429               602.444               606.516           10.087              6.015               95                 2            0
         99           2.987                 2.879        599.416               606.516               609.395            9.979              7.1                 97                 1            0
        100           0.341                 6.651        599.757               609.395               616.047           16.29               9.638               97                 2            0

 Основные параметры системы 

Коэфициент загружености продавца =  0.741
Средняя длинна очереди =  2.43
Среднее время ожидания в очереди =  16.353
Максимальная длинна в очереди =  9
Среднее время пребывания заявок в системе =  21.406